balance: 0.0590250137
free: '0.05475454'
timestamp: 1653346631
