balance: 0.05995567499999999
free: '0.05646482'
timestamp: 1653318648
