balance: 0.060410116269999994
free: '0.05762079'
timestamp: 1652962354
