balance: 0.060544684050000006
free: '0.05749362'
timestamp: 1652956969
