root:
    usdt:
        balance: 942.69
        free: 919.94436344
    btc:
        balance: 0.015838829999999998
        free: 0.0


ee: 0.0
