balance: 0.061574789000000005
free: '0.06062407'
timestamp: 1653162752
