balance: 0.043121221999999994
free: '0.03898479'
timestamp: 1653470095
