balance: 0.051036186852999994
free: '0.00853419'
timestamp: 1652797422
