root:
    usdt:
        balance: 1009.07
        free: 936.85310344
    btc:
        balance: 0.015853833999999997
        free: 0.0

ree: 0.0
