balance: 0.05991761
free: '0.05694216'
timestamp: 1653262364
