balance: 0.017307834
free: '0.00014385'
timestamp: 1650283936
