balance: 0.037817920000000005
free: '0.00304404'
timestamp: 1654465011
