balance: 0.05003267
free: '0.00524677'
timestamp: 1652179477
