balance: 0.01810182
free: '0.01183567'
timestamp: 1649444992
