balance: 0.05825240000000001
free: '0.05399576'
timestamp: 1653338558
