balance: 0.018221002000000004
free: '0.01604656'
timestamp: 1649530954
