balance: 0.0431083064
free: '0.03824715'
timestamp: 1653484610
